2.143023997434051697e+00 2.388774939091915073e+00
1.450971710261853787e+00 1.536822449629710485e+00
2.183801557429928764e+00 2.401120263581058900e+00
1.820940633583586710e+00 2.076732155125971424e+00
1.477729674832682916e+00 1.928999163373571690e+00
2.856766740724290266e+00 2.041328410072916544e+00
1.773588537944147170e+00 1.671969294508344417e+00
1.803476939472214546e+00 1.847034256240040806e+00
1.994817038513048368e+00 2.075610780044529147e+00
2.629156682031942527e+00 2.255380625973578468e+00
2.045811292581285912e+00 1.807585207527342197e+00
1.890067155261202503e+00 2.014664461334614298e+00
2.389488816737130872e+00 2.963768776127639448e+00
1.465963427810028641e+00 3.178643830656022740e+00
1.448445505691137392e+00 2.167616713845597509e+00
1.479491294461070527e+00 1.237315504337674898e+00
1.657291444832816651e+00 2.089104235031206347e+00
2.836864407255454079e+00 2.028845175237436127e+00
1.444729783550416702e+00 2.265055204765439978e+00
1.962930919661935558e+00 1.530856092717319594e+00
2.340051442783198876e+00 1.911785954203563342e+00
1.423262690864601776e+00 1.553378600705231261e+00
2.792815915724608189e+00 2.420261632125935591e+00
2.032332422818138973e+00 2.000421576091540032e+00
1.857814966274342394e+00 1.499815052116499681e+00
2.320410383815859401e+00 1.955480431756087656e+00
2.180871682212069729e+00 2.056060144012093360e+00
1.489840909801071867e+00 2.232695031679482689e+00
2.497159956785095059e+00 2.187035111968641310e+00
1.947480340724892622e+00 2.028486952465454518e+00
1.587128416557789246e+00 1.592411391597044368e+00
2.268702053233902838e+00 2.064432472175545819e+00
2.469270473657025011e+00 1.749558705937426462e+00
1.692930792194846656e+00 3.057953274381713271e+00
2.570064632077949440e+00 1.552638912148611716e+00
1.856431253666527059e+00 2.664723204038045967e+00
1.332467942183597653e+00 2.867765153848071513e+00
2.178227155960883898e+00 1.736411666215599503e+00
1.542247857806835487e+00 6.108291736965181240e-01
2.100409397552982060e+00 3.120654770243959319e+00
2.308214044444951263e+00 3.262990259817049044e+00
3.979607250089249426e+00 1.908687267527375386e+00
2.336387870490646890e+00 1.478787831050957902e+00
2.683817149599021956e+00 2.207880201805664466e+00
1.243654958992210791e+00 1.386617348030884322e+00
2.307294603343366557e+00 2.683367490280621936e+00
1.635653858176775000e+00 2.221295889544867563e+00
2.156242588082720069e+00 1.386924770567321996e+00
7.812155700309904027e-01 1.592657435934259125e+00
3.048230750433985392e+00 1.896994519142189972e+00
2.102563310090248994e+00 1.987889480833646472e+00
1.554856268602325731e+00 2.115411772885369412e+00
2.607137377009818291e+00 2.443615208790612670e+00
2.043480939741947999e+00 9.010312421974284725e-01
1.574624766533466502e+00 2.266259809308269535e+00
1.838928347568430599e+00 2.307946328023538829e+00
1.371502828931914886e+00 2.470510788932605895e+00
2.180854625885188636e+00 2.095676157062295264e+00
6.231172377456208888e-01 1.521547992867093191e+00
1.696837113642077233e+00 4.109691520336586912e-01
2.129180933687019994e+00 2.728386172911468677e+00
3.082638849996988561e+00 1.691119886294058627e+00
1.560663032320773080e+00 2.073200576192789413e+00
2.654119234331123955e+00 1.762419703818908889e+00
2.430975385211186168e+00 3.169253657793724255e+00
1.951277291143739490e+00 2.742316133825501545e+00
1.534791555542746710e+00 2.352006664279733705e+00
1.022831351126781030e+00 1.892374184217637145e+00
2.256164577788835057e+00 2.736301351234449175e+00
1.491890358485816748e+00 2.181232201794786718e+00
1.568860696719891923e+00 1.851406758497656790e+00
1.940143236329857857e+00 1.105566344848311067e+00
1.348142608773820861e+00 1.977400891040232978e+00
2.242522646121511976e+00 1.769194451115070565e+00
2.246430237906258842e+00 3.025074036367504604e+00
1.992430105988911571e+00 1.531970862571510272e+00
9.535641216987895685e-01 1.378308374198952801e+00
1.622810696683850695e+00 1.971275949718860332e+00
2.406150937187819583e+00 1.653110539914751209e+00
2.115011018331037551e+00 1.853746107472965310e+00
1.115925343030076622e+00 2.118432709519247226e+00
1.805986921833014458e+00 2.059896394425681621e+00
2.422355991115331619e+00 1.056081662731841675e+00
2.340022487387080741e+00 1.572882352858161248e+00
1.665339509654557792e+00 1.685652942933099308e+00
2.248897114037905709e+00 2.022795609656154792e+00
2.048259071588988789e+00 1.548629614524686060e+00
1.560187024933258559e+00 2.518329728340610973e+00
1.864335202432452654e+00 1.358670217564593941e+00
2.734526258202852667e+00 2.939576465774170977e+00
1.993096048038240697e+00 2.209904296045828165e+00
1.683008133645403248e+00 3.181243233572726758e+00
2.295160472851835998e+00 1.806409897037636547e+00
2.133894872727176484e+00 1.673768603225013862e+00
1.919857495554112115e+00 1.689565789482784686e+00
2.278572796393385502e+00 2.132949588285685927e+00
1.791495044559197503e+00 1.660092392909928716e+00
1.762527013177083379e+00 1.813729876902308025e+00
1.783564988766879855e+00 2.158329753432927767e+00
1.842173606044644529e+00 1.762302776351554190e+00
-8.047374497168213736e-02 -1.639706293805738291e-01
8.575325024093334303e-01 9.249052251846707762e-01
-3.314246995178082855e-02 -1.058119363120748613e-01
-1.771171846801866678e-02 1.507132632812067108e-01
-6.421180706951650219e-01 6.286933450707246074e-01
-7.150760037571819439e-01 5.747440305760098678e-01
3.041935209118487027e-01 -8.161012483386667071e-01
6.633341726917458825e-01 -3.906308451858362396e-01
3.983225867708464207e-01 -6.547407323873832841e-01
2.040212432429577838e-02 7.541445821010202000e-01
6.947438238370229335e-01 -7.800035255181096971e-01
5.598082462766980072e-01 -5.519086896727649627e-01
7.019386777731533300e-01 -4.047589269723148586e-01
-2.903011759126210567e-01 -5.669811189443259014e-01
-4.452613441439676745e-01 2.290064634440065472e-01
5.169435184963429020e-01 1.203944281099573743e-01
-4.533232133920546136e-01 3.132175791279441235e-01
5.889571210965514059e-01 -6.537646011916886657e-01
-1.067621635469493402e-01 5.211969288746616247e-01
2.842942032665867202e-01 -9.520609456125381787e-01
-8.482702305231075712e-01 -9.785788541510418437e-01
-8.570487475131685073e-01 4.885330243771579539e-02
7.772145461310822068e-01 7.020065059630968829e-01
-8.929701655058488452e-01 3.775968633625956805e-01
4.106187563597809564e-01 -2.651235248195740191e-01
-8.455947012749960301e-01 5.251272974589502596e-01
4.841441501048155960e-01 8.548514273585856582e-01
-6.748875983590163496e-01 9.314359069822679693e-01
-6.354024991950644186e-01 -6.462980526479049637e-01
-4.696624364639028215e-01 -9.515237658396644704e-01
-5.807788444191657184e-01 -9.666636825878445194e-01
-5.151171516734081024e-01 -7.636538388184626047e-01
-9.069425564808515361e-01 -1.504951917493837499e-01
-1.656087669938015594e-01 1.126531551653513485e-01
4.732913984426880827e-01 5.241964926162050453e-01
-8.915794771194351931e-02 -5.160659991778162592e-01
-3.166549097215436426e-01 2.740692921763883128e-01
3.230065013934952933e-01 8.885046570027446133e-01
2.543719155206880522e-01 -2.743952667076665630e-01
3.845552929937083864e-01 -2.871345876520976503e-01
-5.446535233745555260e-01 1.887554672224176500e-01
7.760477538139074483e-01 -2.591028943906048543e-01
2.847699307617619358e-01 9.488437095405921617e-02
5.900420083155932804e-01 -4.396511534110256747e-01
6.738524528259359769e-02 1.169312646442264292e-01
5.065698737075792213e-01 -4.207586211758065353e-01
3.009147582089277684e-01 -9.916972325006634392e-02
6.788433469318895241e-01 7.870091259398013239e-01
-4.991313282880294189e-01 -1.725123489060873538e-01
3.014114340978546469e-01 -8.168133485868480648e-01
3.903991289822679178e-01 -3.565554685542395852e-01
-1.793069349071749752e-01 6.666336225736286814e-01
8.431687466882278326e-01 -8.274510283642584341e-01
-4.833034357083907384e-01 3.052040944038274528e-01
-2.894065072068146005e-01 -8.627168265626119492e-01
-4.113707110215214513e-02 -6.931785048104395219e-01
6.346204432076043567e-01 -4.024714881925655074e-01
2.834237996385011726e-01 3.548383051344992101e-01
-3.641550262750248290e-01 -9.271288522654073105e-01
7.647684156852581072e-01 -5.381622899619564748e-01
-4.181185928893849102e-01 -5.879766463326987491e-01
7.356163187040221096e-01 1.323606606569838195e-01
8.510928245967399608e-01 5.299899407783781324e-01
8.931833988073136776e-01 -4.676495864779650624e-02
6.161125255001602685e-01 7.932678378713342582e-02
-3.131843532790525853e-01 -6.775959518466818654e-01
2.069714325763516438e-01 6.144595124675911180e-02
-6.689366749102905185e-01 7.907783327221880043e-01
3.185982617143654494e-01 2.260447017045685847e-02
-7.702151911375676452e-01 4.354721746352252509e-01
5.663165322899970100e-01 7.705905701012132347e-01
-6.839861533564055573e-01 8.158775314658339717e-01
-2.712307520462065025e-01 5.565097962905027895e-01
-4.442818250167459571e-01 3.178384365337176831e-01
2.213265724060304862e-01 -9.548512419457595435e-01
2.498875470801580345e-01 -1.178758077614694422e-02
1.146033978297589240e-01 -6.884931927202275759e-01
-2.141419753127273840e-01 2.804888894254897735e-02
-1.360974502788132590e-01 -7.591473711721896667e-01
7.491736675715219285e-01 2.419460352082078991e-01
-1.645275402051729063e-01 -2.538986451870608452e-01
-1.576554333796531537e-02 -9.151339922013692618e-01
3.685080155318303241e-01 3.929336519340580480e-01
-8.661452364435875406e-01 3.864117557862145613e-01
-3.054816635576691475e-01 9.945194822966778592e-01
-2.477695187625585937e-01 -8.669064707890263843e-01
-5.713096364103069646e-01 4.221164132288257598e-01
1.126623584294863534e-01 5.822786835331459354e-01
1.304863777020424109e-01 6.200743867818645505e-01
1.563547838574448345e-01 6.459476050461070429e-01
-1.692770482121563891e-01 -1.690262105354001232e-01
-8.766428915046158288e-01 3.718791389086595345e-01
7.769592183262119534e-03 5.264070815535724090e-01
-3.100847549494416544e-01 -1.816222909680582642e-01
3.457615881216220544e-01 -8.272268376716489513e-01
-4.833951181138920195e-01 -6.695041855083010418e-01
1.359740892869538698e-01 -4.480579963753255068e-01
-1.468099407634357867e-01 -3.425712897023844850e-01
-9.629986761795323869e-01 7.529015114813195630e-01
2.073313705043837718e-01 -4.468245845023466334e-01
1.968811975619155330e+00 1.068440969539135477e+00
7.962622505097464165e-01 1.049228990277854878e+00
8.698413998605449837e-01 8.365835842015667545e-01
9.511122728750531774e-01 1.285542492759477406e+00
9.423962381031582014e-01 1.406829255592965122e+00
1.149234448591182067e+00 1.061965459241728471e+00
7.986390593012462347e-01 1.164564894282049012e+00
8.508153674371297104e-01 4.384164914948963654e-01
6.995915937407976015e-01 8.199371097404758446e-01
1.133638138053964406e+00 1.224317063259607208e+00
1.480551282526155532e+00 7.573702983076189277e-01
8.051027983464628113e-01 4.805990252727700973e-01
7.995201494538595188e-01 8.683593195353350724e-01
1.158705580468934349e+00 8.190547439800068830e-01
1.038001932248400871e+00 9.571346295835497786e-01
7.607485844446505441e-01 9.390917620895288254e-01
9.344904265038148639e-01 8.628271327979277761e-01
1.243650329454457637e+00 1.134487975577056051e+00
1.387415851790774202e+00 6.158747893841090004e-01
5.376281275055090347e-01 1.069608875871981279e+00
7.754232268608994838e-01 1.274427169314712671e+00
6.413628526546033548e-01 5.881545153614653465e-01
1.313796425240141952e+00 7.097721506270466829e-01
1.023145001223547457e+00 4.421300941833758991e-01
8.346161459537130289e-01 1.134181107875906314e+00
1.086299822950821392e+00 1.671593557979145217e+00
9.886408702660297587e-01 6.749476964018502612e-01
2.464507788265002386e-02 1.047333390318828439e+00
1.058942267670744730e+00 8.606724725309694568e-01
7.632242977579644094e-01 7.900375524504765767e-01
5.797194604730975254e-01 1.355311376596007422e+00
1.199846846716575710e+00 1.166795887715748936e+00
7.295798676607394562e-01 9.025339403104591929e-01
1.194093034812705234e+00 1.319571229114971045e+00
7.530648316478777415e-01 6.659732705744385584e-01
1.228006866377944872e+00 9.832322044392139970e-01
1.379931194510068293e+00 1.210638439791232868e+00
9.706131882857086390e-01 9.098154085657492729e-01
8.135078154068384748e-01 1.079663889043445346e+00
1.040292160354523210e+00 1.004677234018920506e+00
7.937188327462048054e-01 1.835759342530028260e+00
7.695352729997501084e-01 1.629503645059140915e+00
6.330401322427611221e-01 7.967374224031233965e-01
1.048264479322982057e+00 7.335366152295500486e-01
7.658096908815636983e-01 7.065138097591736610e-01
1.134643222861222434e+00 1.756981627805349611e+00
1.015324671559288738e+00 9.080664307405166280e-01
8.008090829080898310e-01 1.129531940603673457e+00
1.127747056377009116e+00 8.920069677673799768e-01
4.071538424879171947e-01 7.005411118371230872e-01
1.213091445970995830e+00 7.779681870233664531e-01
7.895845984658201866e-01 1.099615333420615793e+00
4.893253533962377277e-01 1.084406559889854238e+00
1.075021932122123047e+00 5.947567449708250908e-01
9.105526931908884958e-01 5.948127899709565458e-01
1.216073452763230200e+00 1.431289881023612320e+00
7.028716721460135375e-01 1.146292295057097954e+00
1.155622322421487214e+00 4.219844453886690827e-01
8.584193009100510308e-01 6.775291358567964162e-01
1.405166694387686821e+00 1.034703642218166131e+00
1.252071015306313484e+00 7.952934385565240127e-01
1.329441009673988816e+00 8.210617145802335815e-01
5.143890089012561617e-01 1.447585788398316753e+00
1.419369163180531856e+00 5.171485454227786605e-01
9.833379988172722408e-01 1.134062169570714707e+00
8.474217919141011635e-01 1.320031634882707472e+00
1.643492303198493598e+00 1.600139266337341937e+00
9.932620335997666139e-01 9.821124570554289335e-01
1.004064811594823414e+00 1.494880058448144311e+00
8.860639838535447899e-01 6.221173909136901159e-01
1.217130471958259186e+00 6.433155710602096455e-01
1.340498200439735221e+00 8.045007069352966278e-01
7.774425772619774078e-01 1.494487113300604353e+00
1.578735525340485779e+00 8.689612327238438461e-01
6.232470660205406965e-01 1.056942958716958758e+00
8.467560676379798368e-01 1.037733104811904505e+00
8.167430755380445939e-01 9.824225679838337610e-01
1.367129579823774366e+00 1.039575176053147310e+00
1.061700527291420837e+00 1.481645755261027597e+00
1.734599453087406484e+00 1.274299694244501069e+00
1.540077020469681646e+00 7.439782252399359530e-01
8.559400764871193390e-01 1.071525813198236143e+00
5.606986215438090060e-01 7.066819962769510521e-01
1.468054046450079531e+00 1.404224103307045057e+00
1.056234236152845396e+00 1.487783882146933134e+00
8.969820395794463330e-01 1.378884294554024725e+00
9.867327758082461431e-01 1.319714332878634488e+00
1.164391764264314233e+00 1.080289177369079923e+00
1.456558312867693328e+00 1.010476913101821417e+00
1.519222380792399907e+00 8.667123196202480839e-01
5.778311580316974894e-01 7.888563164122863736e-01
1.115369741413352322e+00 1.701986054715961760e+00
1.100314766606790728e+00 1.423007421003129602e+00
1.281904975385792511e+00 5.501677658605153010e-01
1.200917688579351106e+00 7.215851839025804182e-01
6.128910724351996908e-01 9.034106504008077021e-01
7.795239435567016262e-01 8.517399370653653268e-01
1.092736943177241127e+00 1.196684048239389453e+00
1.111463744448935032e+00 9.502482380535181017e-01
7.453585247519176615e-01 1.460019618577038436e+00
